Year	Player	Pos	Age	Tm	G	GS	PTS	Minutes Played	PER	TS%	ORB%	DRB%	TRB%	AST%	STL%	BLK%	TOV%	USG%	OWS	DWS	WS	WS/48	OBPM	DBPM	BPM	VORP	FG	FGA	FG%	3P	3PA	3P%	2P	2PA	2P%	eFG%	FT	FTA	FT%	ORB	DRB	TRB	AST	STL	BLK	TOV	PF	PTS
2017	Alex Abrines	SG	23	OKC	68	6	406	1055	10.1	0.56	1.9	7.1	4.5	5.5	1.7	0.6	8.3	15.9	1.2	0.9	2.1	0.095	-0.3	-2.2	-2.5	-0.1	134	341	0.393	94	247	0.381	40	94	0.426	0.531	44	49	0.898	18	68	86	40	37	8	33	114	406
2017	Quincy Acy	PF	26	TOT	38	1	222	558	11.8	0.565	3.9	18	11	4.9	1.2	2	9.7	16.8	0.5	0.5	0.9	0.082	-1.8	-1.2	-3	-0.1	70	170	0.412	37	90	0.411	33	80	0.413	0.521	45	60	0.75	20	95	115	18	14	15	21	67	222
2017	Quincy Acy	PF	26	DAL	6	0	13	48	-1.4	0.355	4.6	15.2	9.7	0	0	0	9.8	20	-0.2	0	-0.1	-0.133	-10.1	-6	-16.2	-0.2	5	17	0.294	1	7	0.143	4	10	0.4	0.324	2	3	0.667	2	6	8	0	0	0	2	9	13
2017	Quincy Acy	PF	26	BRK	32	1	209	510	13.1	0.587	3.8	18.2	11.1	5.4	1.3	2.2	9.6	16.5	0.6	0.5	1.1	0.102	-1.1	-0.7	-1.8	0	65	153	0.425	36	83	0.434	29	70	0.414	0.542	43	57	0.754	18	89	107	18	14	15	19	58	209
2017	Steven Adams	C	23	OKC	80	80	905	2389	16.5	0.589	13	15.5	14.2	5.4	1.8	2.6	16	16.2	3.3	3.1	6.4	0.13	-0.7	1.2	0.5	1.5	374	655	0.571	0	1	0	374	654	0.572	0.571	157	257	0.611	282	333	615	86	88	78	146	195	905
2017	Arron Afflalo	SG	31	SAC	61	45	515	1580	9	0.559	0.7	8.4	4.6	7.4	0.7	0.4	8.4	14.4	1.2	0.2	1.4	0.043	-1.4	-2	-3.5	-0.6	185	420	0.44	62	151	0.411	123	269	0.457	0.514	83	93	0.892	9	116	125	78	21	7	42	104	515
2017	Alexis Ajinca	C	28	NOP	39	15	207	584	12.9	0.529	8.3	23.8	16	3.1	1.7	3.1	13.7	17.2	0	0.9	1	0.08	-5.1	1	-4.1	-0.3	89	178	0.5	0	4	0	89	174	0.511	0.5	29	40	0.725	46	131	177	12	20	22	31	77	207
2017	Cole Aldrich	C	28	MIN	62	0	105	531	12.7	0.549	11	23.9	17.4	6.4	2.4	3.7	15.1	9.4	0.6	0.7	1.3	0.116	-2	2.6	0.6	0.4	45	86	0.523	0	0	0	45	86	0.523	0.523	15	22	0.682	51	107	158	25	25	23	17	85	105
2017	LaMarcus Aldridge	PF	31	SAS	72	72	1243	2335	18.6	0.532	8.6	16.6	12.7	9.9	1	3.1	7.7	24.5	3.5	3.7	7.3	0.149	-0.3	1.4	1.1	1.8	500	1049	0.477	23	56	0.411	477	993	0.48	0.488	220	271	0.812	174	350	524	139	46	89	98	158	1243
2017	Lavoy Allen	PF	27	IND	61	5	177	871	11.6	0.485	13.7	14.6	14.2	9.1	1	2.4	13.7	10.9	0.9	0.8	1.7	0.093	-1.5	1.3	-0.3	0.4	77	168	0.458	0	1	0	77	167	0.461	0.458	23	33	0.697	105	115	220	57	18	24	29	78	177
2017	Tony Allen	SG	35	MEM	71	66	643	1914	13.3	0.493	9.6	13.8	11.7	8.4	3.1	1.4	13.3	17.9	0.2	2.9	3.1	0.077	-1.8	2.4	0.7	1.3	274	595	0.461	15	54	0.278	259	541	0.479	0.473	80	130	0.615	166	225	391	98	115	29	100	178	643
2017	Al-Farouq Aminu	SF	26	POR	61	25	532	1773	11.3	0.506	4.8	23.5	14.1	7.9	1.7	2	15.2	15.4	-0.1	2	1.9	0.051	-2.3	1.2	-1.1	0.4	183	466	0.393	70	212	0.33	113	254	0.445	0.468	96	136	0.706	77	374	451	99	60	44	94	102	532
2017	Chris Andersen	C	38	CLE	12	0	28	114	11.6	0.497	9	20.6	15	5.9	2.2	5	15.1	13	0.1	0.2	0.2	0.102	-3.8	3	-0.9	0	9	22	0.409	0	3	0	9	19	0.474	0.409	10	14	0.714	9	22	31	5	5	7	5	20	28
2017	Alan Anderson	SF	34	LAC	30	0	86	308	5	0.494	1.1	7.4	4.4	4.9	0.5	0	7.4	13.7	0	0.1	0.1	0.02	-2.6	-2.3	-4.9	-0.2	30	80	0.375	14	44	0.318	16	36	0.444	0.463	12	16	0.75	3	21	24	11	3	0	7	35	86
2017	Justin Anderson	SF	23	TOT	75	10	532	1228	13.9	0.537	6.2	16.9	11.3	8.8	1.7	1.6	11.7	20.9	0.6	1.3	1.9	0.074	-1.2	-0.3	-1.6	0.1	186	439	0.424	58	194	0.299	128	245	0.522	0.49	102	129	0.791	69	176	245	66	41	23	66	109	532
2017	Justin Anderson	SF	23	DAL	51	2	329	710	14.7	0.521	6.1	18.9	12.2	7.6	2.1	2	11.2	23.6	0.1	0.9	1	0.067	-1.8	-0.1	-2	0	111	277	0.401	37	122	0.303	74	155	0.477	0.468	70	88	0.795	39	110	149	32	28	16	40	64	329
2017	Justin Anderson	SF	23	PHI	24	8	203	518	12.8	0.564	6.4	14.1	10.2	10.4	1.2	1.1	12.6	17.2	0.5	0.4	0.9	0.084	-0.4	-0.6	-1	0.1	75	162	0.463	21	72	0.292	54	90	0.6	0.528	32	41	0.78	30	66	96	34	13	7	26	45	203
2017	Kyle Anderson	SG	23	SAS	72	14	246	1020	12.5	0.525	3.7	19	11.5	12.4	2.5	2.1	14.3	12.1	0.7	2	2.7	0.127	-2.1	3.7	1.6	0.9	93	209	0.445	15	40	0.375	78	169	0.462	0.481	45	57	0.789	33	175	208	91	51	26	39	63	246
2017	Ryan Anderson	PF	28	HOU	72	72	979	2116	13.5	0.583	5.8	11.2	8.5	4.7	0.7	0.5	6.2	17.9	4	1.1	5.2	0.118	1.8	-2.6	-0.8	0.6	323	773	0.418	204	506	0.403	119	267	0.446	0.55	129	150	0.86	112	218	330	68	32	14	55	142	979
2017	Giannis Antetokounmpo	SF	22	MIL	80	80	1832	2845	26.1	0.599	5.9	22.6	14.3	26.6	2.3	4.7	13.3	28.3	7.9	4.5	12.4	0.21	4.1	3.5	7.6	6.9	656	1259	0.521	49	180	0.272	607	1079	0.563	0.541	471	612	0.77	142	558	700	434	131	151	234	246	1832
2017	Carmelo Anthony	SF	32	NYK	74	74	1659	2538	17.9	0.535	2.6	15.9	9.3	14.5	1.2	1.1	9	29.1	3.2	1.5	4.7	0.089	1.5	-2.2	-0.7	0.8	602	1389	0.433	151	421	0.359	451	968	0.466	0.488	304	365	0.833	62	374	436	213	60	34	153	198	1659
2017	Joel Anthony	C	34	SAS	19	0	25	122	11.6	0.64	7.6	20.9	14.4	3.4	0.8	4	17	8.7	0.1	0.2	0.4	0.141	-3.1	2.5	-0.6	0	10	16	0.625	0	0	0	10	16	0.625	0.625	5	8	0.625	8	23	31	3	2	6	4	11	25
2017	Trevor Ariza	SF	31	HOU	80	80	936	2773	12.3	0.548	2.1	15.9	9	8.8	2.5	0.6	8	14.1	2.8	3.2	6	0.104	0.7	1	1.7	2.6	326	798	0.409	191	555	0.344	135	243	0.556	0.528	93	126	0.738	54	405	459	175	147	20	74	133	936
2017	Darrell Arthur	PF	28	DEN	41	7	262	639	12.8	0.583	4.4	14.9	9.7	9.3	1.5	2.5	13.8	17.3	0.6	0.4	1.1	0.081	0.3	-0.6	-0.3	0.3	95	215	0.442	53	117	0.453	42	98	0.429	0.565	19	22	0.864	25	87	112	42	19	21	36	76	262
2017	Omer Asik	C	30	NOP	31	19	85	482	9.8	0.517	10.4	25.3	17.8	4.2	0.5	1.7	14.6	8.8	0.4	0.6	1	0.1	-4.3	1.2	-3.1	-0.1	31	65	0.477	0	0	0	31	65	0.477	0.477	23	39	0.59	48	115	163	15	5	10	14	51	85
2017	D.J. Augustin	PG	29	ORL	78	20	616	1538	11	0.524	1	7.4	4.1	20.4	1	0.1	13.3	19.4	0.7	0.5	1.2	0.038	-0.9	-3.3	-4.2	-0.9	195	517	0.377	95	274	0.347	100	243	0.412	0.469	131	161	0.814	15	102	117	209	31	1	90	101	616
2017	Luke Babbitt	SF	27	MIA	68	55	324	1065	8.4	0.563	1.3	13.5	7.4	4.8	1	0.8	8	13	0.8	1	1.8	0.082	-1	-0.8	-1.8	0.1	113	281	0.402	87	210	0.414	26	71	0.366	0.557	11	15	0.733	13	129	142	36	21	11	25	118	324
2017	Ron Baker	SG	23	NYK	52	13	215	857	7.5	0.456	1.5	10.8	6.2	17.3	2	0.8	19.2	14.8	-0.6	0.5	-0.1	-0.008	-3.5	-0.9	-4.4	-0.5	82	217	0.378	23	86	0.267	59	131	0.45	0.431	28	43	0.651	12	86	98	107	34	8	56	74	215
2017	Wade Baldwin	PG	20	MEM	33	1	106	405	6.4	0.404	3	10.2	6.5	22.8	2.3	1.7	23.4	19.2	-0.9	0.5	-0.4	-0.045	-6.3	0.6	-5.8	-0.4	36	115	0.313	3	22	0.136	33	93	0.355	0.326	31	37	0.838	11	35	46	61	18	7	40	40	106
2017	Leandro Barbosa	SG	34	PHO	67	0	419	963	11.5	0.509	1.6	10.3	5.9	13	1.5	0.7	10.4	20	0.3	0.4	0.6	0.031	-2	-2.1	-4.1	-0.5	172	392	0.439	35	98	0.357	137	294	0.466	0.483	40	45	0.889	15	89	104	81	31	8	48	82	419
2017	J.J. Barea	PG	32	DAL	35	6	381	771	17.2	0.521	1.3	11.9	6.3	44.2	0.9	0.1	14.7	26.2	0.8	0.5	1.3	0.08	2	-2.6	-0.6	0.3	142	343	0.414	53	148	0.358	89	195	0.456	0.491	44	51	0.863	9	75	84	193	14	1	63	30	381
2017	Harrison Barnes	PF	24	DAL	79	79	1518	2803	16.3	0.541	3.7	13.2	8.2	7.8	1.2	0.5	6.8	25.3	2.5	2.1	4.6	0.079	-0.7	-1.2	-1.9	0.1	599	1280	0.468	78	222	0.351	521	1058	0.492	0.498	242	281	0.861	94	303	397	117	66	15	102	128	1518
2017	Matt Barnes	SF	36	TOT	74	18	527	1777	10.3	0.514	4.6	19.9	12.4	15.6	1.3	1.3	17.3	15.6	0.3	1.7	2	0.053	-1.2	0.6	-0.6	0.6	185	473	0.391	87	263	0.331	98	210	0.467	0.483	70	89	0.787	70	317	387	194	48	26	107	185	527
2017	Matt Barnes	SF	36	SAC	54	13	413	1367	10.2	0.501	4.7	20.1	12.5	16.2	1.3	1.1	16.8	16.4	-0.1	1.1	1	0.034	-1.2	0.3	-1	0.4	147	383	0.384	69	211	0.327	78	172	0.453	0.474	50	66	0.758	55	241	296	149	36	17	83	138	413
2017	Matt Barnes	SF	36	GSW	20	5	114	410	10.7	0.569	4.3	19.1	12.2	13.7	1.4	1.7	19.3	13.1	0.3	0.6	1	0.115	-1	1.6	0.6	0.3	38	90	0.422	18	52	0.346	20	38	0.526	0.522	20	23	0.87	15	76	91	45	12	9	24	47	114
2017	Will Barton	SG	26	DEN	60	19	820	1705	15.5	0.547	3.8	12.8	8.4	17.7	1.4	1.3	11.5	21.1	2.5	0.8	3.3	0.093	1.3	-1	0.3	1	295	666	0.443	87	235	0.37	208	431	0.483	0.508	143	190	0.753	58	200	258	206	48	28	97	110	820
2017	Brandon Bass	PF	31	LAC	52	0	292	577	19.7	0.65	8.6	16.2	12.5	5.7	1.2	1.6	11.4	19.7	1.6	0.6	2.2	0.186	0.1	-0.8	-0.7	0.2	107	186	0.575	1	3	0.333	106	183	0.579	0.578	77	88	0.875	43	86	129	21	14	11	29	45	292
2017	Nicolas Batum	SG	28	CHO	77	77	1164	2617	15.8	0.529	1.9	18.4	10.1	27.6	1.6	1	15	22.3	1.7	2.8	4.5	0.083	0.6	0.6	1.2	2.1	393	975	0.403	135	405	0.333	258	570	0.453	0.472	243	284	0.856	46	435	481	455	86	29	194	109	1164
2017	Jerryd Bayless	PG	28	PHI	3	1	33	71	8.7	0.453	4.6	14	9.3	29.4	0	0	19.8	27.7	-0.1	0	-0.1	-0.067	-5.2	-2.9	-8.2	-0.1	11	32	0.344	2	5	0.4	9	27	0.333	0.375	9	10	0.9	3	9	12	13	0	0	9	4	33
2017	Aron Baynes	C	30	DET	75	2	365	1163	13.1	0.57	10	21.6	15.6	3.9	0.7	2.8	13.5	14.1	1.4	1.5	3	0.123	-2.9	1.1	-1.8	0.1	143	279	0.513	0	0	0	143	279	0.513	0.513	79	94	0.84	111	222	333	32	17	39	50	166	365
2017	Kent Bazemore	SF	27	ATL	73	64	801	1963	11.5	0.504	2.6	10.3	6.5	14.2	2.3	2.3	13.6	20.5	-0.6	2.8	2.1	0.053	-2	1.2	-0.8	0.6	295	721	0.409	92	266	0.346	203	455	0.446	0.473	119	168	0.708	45	186	231	177	91	52	125	165	801
2017	Bradley Beal	SG	23	WAS	77	77	1779	2684	20.1	0.604	2.2	7.8	5	16.2	1.5	0.7	9.6	26.5	6.8	1.6	8.5	0.151	4.5	-2.4	2.2	2.8	637	1322	0.482	223	552	0.404	414	770	0.538	0.566	282	342	0.825	53	186	239	267	83	21	157	169	1779
2017	Malik Beasley	SG	20	DEN	22	1	83	165	13.7	0.536	3.4	8	5.7	10.2	2.1	0	9.4	22	0.1	0.1	0.2	0.057	-0.5	-3.5	-3.9	-0.1	33	73	0.452	9	28	0.321	24	45	0.533	0.514	8	10	0.8	5	12	17	11	7	0	8	10	83
2017	Michael Beasley	PF	28	MIL	56	6	528	935	17.8	0.584	5	18.9	12	9.9	1.5	2.5	12.7	25.3	0.8	1	1.8	0.093	-1.7	-1.1	-2.9	-0.2	216	406	0.532	18	43	0.419	198	363	0.545	0.554	78	105	0.743	40	153	193	53	28	27	66	92	528
2017	Marco Belinelli	SG	30	CHO	74	0	780	1778	13.3	0.566	0.9	10.2	5.5	13.1	1.2	0.4	9.2	19.2	2	1.2	3.2	0.088	0.1	-2	-1.9	0.1	264	615	0.429	102	283	0.36	162	332	0.488	0.512	150	168	0.893	14	164	178	147	44	9	70	90	780
2017	DeAndre' Bembry	SF	22	ATL	38	1	101	371	8.8	0.481	4.2	13.1	8.7	11.5	1.1	1.2	13.2	14.2	-0.1	0.4	0.3	0.038	-4.4	0.1	-4.3	-0.2	47	98	0.48	1	18	0.056	46	80	0.575	0.485	6	16	0.375	14	45	59	28	8	5	16	21	101
2017	Dragan Bender	PF	19	PHO	43	0	146	574	5.3	0.44	4.2	15.6	9.7	5.5	0.8	3.1	16.2	14.4	-0.7	0.3	-0.3	-0.029	-4	-0.3	-4.3	-0.3	57	161	0.354	28	101	0.277	29	60	0.483	0.441	4	11	0.364	23	80	103	23	10	22	32	74	146
2017	Anthony Bennett	PF	23	BRK	23	1	115	264	14.7	0.533	10.1	21	15.6	7.1	0.9	0.9	10	19.4	0.3	0.2	0.5	0.09	-0.8	-2.2	-3	-0.1	38	92	0.413	13	48	0.271	25	44	0.568	0.484	26	36	0.722	25	53	78	12	5	3	12	18	115
2017	Ben Bentil	PF	21	DAL	3	0	0	10	-17.6	0	0	24.4	11.6	0	0	0	25	18.9	-0.1	0	-0.1	-0.473	-22.4	-4.5	-26.9	-0.1	0	3	0	0	1	0	0	2	0	0	0	0	0	0	2	2	0	0	0	1	1	0
2017	Davis Bertans	PF	24	SAS	67	6	303	808	12.9	0.609	3.2	10.6	6.9	8.3	1.3	2.8	11.4	15.7	1.1	1.2	2.3	0.135	1.2	0.5	1.7	0.8	103	234	0.44	69	173	0.399	34	61	0.557	0.588	28	34	0.824	22	77	99	46	20	28	32	75	303
2017	Patrick Beverley	SG	28	HOU	67	67	639	2058	13	0.546	5	15.9	10.4	18.8	2.3	1	14.6	14.1	2.9	2.4	5.3	0.124	0.8	1.5	2.3	2.2	228	543	0.42	110	288	0.382	118	255	0.463	0.521	73	95	0.768	95	299	394	281	99	25	100	222	639
2017	Bismack Biyombo	C	24	ORL	81	27	483	1793	12.2	0.546	9.3	25.6	17.2	6	0.7	4.1	17.7	13.2	0.8	2.1	2.9	0.077	-4.2	2	-2.2	-0.1	179	339	0.528	0	0	0	179	339	0.528	0.528	125	234	0.534	157	410	567	74	25	91	95	202	483
2017	Nemanja Bjelica	PF	28	MIN	65	1	403	1190	11	0.526	5.5	18.6	12	9.6	1.7	1.4	13.4	16.4	0.6	0.9	1.5	0.059	-0.7	-0.4	-1.1	0.3	151	356	0.424	56	177	0.316	95	179	0.531	0.503	45	61	0.738	57	187	244	79	40	20	59	154	403
2017	Tarik Black	C	25	LAL	67	16	383	1091	15	0.56	13.8	20.7	17.1	5.3	1.3	3.3	14.5	15.7	1.5	0.9	2.4	0.105	-1.8	0.2	-1.6	0.1	150	294	0.51	1	2	0.5	149	292	0.51	0.512	82	109	0.752	143	199	342	39	30	44	58	173	383
2017	Eric Bledsoe	PG	27	PHO	66	66	1390	2176	20.6	0.563	2.5	13.8	8	31.1	2	1.2	15.3	28.1	4	1.4	5.4	0.119	3.7	-0.4	3.3	2.9	449	1034	0.434	104	310	0.335	345	724	0.477	0.485	388	458	0.847	52	268	320	418	92	31	223	164	1390
2017	Bojan Bogdanovic	SF	27	TOT	81	54	1113	2083	13.5	0.585	1.9	12.3	7.2	8.7	0.8	0.3	12	22.4	2	0.9	2.9	0.067	-0.1	-2.8	-2.8	-0.4	376	845	0.445	144	392	0.367	232	453	0.512	0.53	217	243	0.893	37	240	277	111	34	7	130	146	1113
2017	Bojan Bogdanovic	SF	27	BRK	55	54	783	1482	13.1	0.572	1.7	12.3	7	10.1	0.8	0.2	11.8	22.4	1.1	0.6	1.6	0.053	-0.3	-2.6	-3	-0.4	269	611	0.44	99	277	0.357	170	334	0.509	0.521	146	167	0.874	23	174	197	90	24	3	92	99	783
2017	Bojan Bogdanovic	SF	27	WAS	26	0	330	601	14.7	0.617	2.6	12.3	7.5	5.2	0.8	0.6	12.4	22.2	0.9	0.3	1.3	0.102	0.6	-3.1	-2.6	-0.1	107	234	0.457	45	115	0.391	62	119	0.521	0.553	71	76	0.934	14	66	80	21	10	4	38	47	330
2017	Andrew Bogut	C	32	TOT	27	21	79	583	9.3	0.46	10.6	33.9	21.7	12.3	1.2	3.9	33.4	10.4	-0.3	1	0.7	0.055	-5.6	5.3	-0.3	0.3	38	81	0.469	0	1	0	38	80	0.475	0.469	3	11	0.273	56	162	218	49	13	25	43	86	79
2017	Andrew Bogut	C	32	DAL	26	21	79	582	9.4	0.46	10.7	33.9	21.7	12.3	1.2	3.9	33.4	10.4	-0.3	1	0.7	0.055	-5.6	5.3	-0.3	0.3	38	81	0.469	0	1	0	38	80	0.475	0.469	3	11	0.273	56	162	218	49	13	25	43	84	79
2017	Andrew Bogut	C	32	CLE	1	0	0	1	-35.3	0	0	0	0	0	0	0	0	0	0	0	0	0.02	-5.7	0	-5.7	0	0	0	0	0	0	0	0	0	0	0	0	0	0	0	0	0	0	0	0	0	2	0
2017	Joel Bolomboy	PF	23	UTA	12	0	22	53	19.7	0.59	9	27.6	18.5...																																			
